0 0.0 1457357016698
1 0.02 1457357016698
2 0.04 1457357016698
3 0.06 1457357016698
4 0.08 1457357016698
5 0.1 1457357016698
6 0.12 1457357016698
7 0.14 1457357016698
8 0.16 1457357016698
9 0.18 1457357016698
10 0.2 1457357016698
11 0.22 1457357016698
12 0.24 1457357016698
13 0.26 1457357016698
14 0.28 1457357016698
15 0.3 1457357016698
16 0.32 1457357016698
17 0.34 1457357016698
18 0.36 1457357016698
19 0.38 1457357016698
20 0.4 1457357016698
21 0.42 1457357016698
22 0.44 1457357016698
23 0.46 1457357016698
24 0.48 1457357016698
25 0.5 1457357016698
26 0.52 1457357016698
27 0.54 1457357016699
28 0.56 1457357016699
29 0.58 1457357016699
30 0.6 1457357016699
31 0.62 1457357016699
32 0.64 1457357016699
33 0.66 1457357016699
34 0.68 1457357016699
35 0.7 1457357016699
36 0.72 1457357016699
37 0.74 1457357016699
38 0.76 1457357016699
39 0.78 1457357016699
40 0.8 1457357016699
41 0.82 1457357016699
42 0.84 1457357016699
43 0.86 1457357016699
44 0.88 1457357016699
45 0.9 1457357016699
46 0.92 1457357016699
47 0.94 1457357016699
48 0.96 1457357016699
49 0.98 1457357016699
50 1.0 1457357016699
51 1.02 1457357016699
52 1.04 1457357016699
53 1.06 1457357016699
54 1.08 1457357016699
55 1.1 1457357016699
56 1.12 1457357016699
57 1.14 1457357016699
58 1.16 1457357016699
59 1.18 1457357016699
60 1.2 1457357016699
61 1.22 1457357016699
62 1.24 1457357016699
63 1.26 1457357016699
64 1.28 1457357016699
65 1.3 1457357016699
66 1.32 1457357016699
67 1.34 1457357016700
68 1.36 1457357016700
69 1.38 1457357016700
70 1.4 1457357016700
71 1.42 1457357016700
72 1.44 1457357016700
73 1.46 1457357016700
74 1.48 1457357016700
75 1.5 1457357016700
76 1.52 1457357016700
77 1.54 1457357016700
78 1.56 1457357016700
79 1.58 1457357016700
80 1.6 1457357016700
81 1.62 1457357016700
82 1.64 1457357016700
83 1.66 1457357016700
84 1.68 1457357016700
85 1.7 1457357016700
86 1.72 1457357016700
87 1.74 1457357016700
88 1.76 1457357016700
89 1.78 1457357016700
90 1.8 1457357016700
91 1.82 1457357016700
92 1.84 1457357016700
93 1.86 1457357016700
94 1.88 1457357016700
95 1.9 1457357016700
96 1.92 1457357016700
97 1.94 1457357016700
98 1.96 1457357016700
99 1.98 1457357016700
