0 0.0 1457356989465
1 0.02 1457356989719
2 0.04 1457356989943
3 0.06 1457356990163
4 0.08 1457356990387
5 0.1 1457356990611
6 0.12 1457356990830
7 0.14 1457356991052
8 0.16 1457356991272
9 0.18 1457356991494
10 0.2 1457356991718
11 0.22 1457356991938
12 0.24 1457356992157
13 0.26 1457356992377
14 0.28 1457356992597
15 0.3 1457356992819
16 0.32 1457356993041
17 0.34 1457356993260
18 0.36 1457356993481
19 0.38 1457356993700
20 0.4 1457356993920
21 0.42 1457356994154
22 0.44 1457356994375
23 0.46 1457356994595
24 0.48 1457356994817
25 0.5 1457356995038
26 0.52 1457356995259
27 0.54 1457356995480
28 0.56 1457356995700
29 0.58 1457356995920
30 0.6 1457356996141
31 0.62 1457356996362
32 0.64 1457356996582
33 0.66 1457356996802
34 0.68 1457356997022
35 0.7 1457356997243
36 0.72 1457356997463
37 0.74 1457356997683
38 0.76 1457356997904
39 0.78 1457356998124
40 0.8 1457356998345
41 0.82 1457356998564
42 0.84 1457356998785
43 0.86 1457356999006
44 0.88 1457356999227
45 0.9 1457356999448
46 0.92 1457356999668
47 0.94 1457356999893
48 0.96 1457357000114
49 0.98 1457357000335
50 1.0 1457357000555
51 1.02 1457357000775
52 1.04 1457357000995
53 1.06 1457357001216
54 1.08 1457357001436
55 1.1 1457357001656
56 1.12 1457357001877
57 1.14 1457357002097
58 1.16 1457357002318
59 1.18 1457357002540
60 1.2 1457357002760
61 1.22 1457357002980
62 1.24 1457357003200
63 1.26 1457357003420
64 1.28 1457357003640
65 1.3 1457357003860
66 1.32 1457357004080
67 1.34 1457357004304
68 1.36 1457357004524
69 1.38 1457357004745
70 1.4 1457357004970
71 1.42 1457357005196
72 1.44 1457357005423
73 1.46 1457357005646
74 1.48 1457357005866
75 1.5 1457357006086
76 1.52 1457357006307
77 1.54 1457357006528
78 1.56 1457357006749
79 1.58 1457357006973
80 1.6 1457357007195
81 1.62 1457357007417
82 1.64 1457357007638
83 1.66 1457357007858
84 1.68 1457357008079
85 1.7 1457357008301
86 1.72 1457357008522
87 1.74 1457357008743
88 1.76 1457357008965
89 1.78 1457357009187
90 1.8 1457357009408
91 1.82 1457357009629
92 1.84 1457357009852
93 1.86 1457357010073
94 1.88 1457357010299
95 1.9 1457357010521
96 1.92 1457357010743
97 1.94 1457357010964
98 1.96 1457357011186
99 1.98 1457357011407
